66
78
89
98
83
76
86
79
22
38
33
33
19
22
88
32
77
51
33
99
53
42
44
83
33
73
74
22
98
77
61
33
33
74
64
22
17
62
99
36
63
55
44
44
55
86
83
55
77
31
82
59
65
78
66
88
19
55
42
39
19
38
66
88
29
27
22
37
19
52
66
11
51
92
72
77
21
12
16
98
36
33
34
62
66
96
33
66
77
55
14
88
34
55
72
11
12
84
34
39
55
77
44
11
46
66
99
55
58
33
44
65
82
66
54
45
22
57
66
29
36
22
73
41
55
55
11
17
42
17
31
23
44
47
22
27
55
88
82
33
52
33
68
28
23
79
66
63
69
22
74
48
66
33
89
47
29
18
88
21
88
18
27
11
64
82
49
53
53
66
98
26
88
11
44
77
76
11
33
21
64
26
76
44
93
11
46
88
63
43
66
11
44
44
88
16
59
34
99
26
55
23
33
75
69
61
73
95
23
88
64
95
26
72
71
16
62
55
54
36
52
77
12
22
66
18
99
99
45
11
65
25
33
22
66
55
33
67
11
27
33
22
68
91
99
39
41
55
46
93
51
99
83
62
55
57
66
39
12
98
66
76
14
88
77
99
89
42
21
55
66
52
88
66
57
16
16
79
88
76
48
25
52
88
33
17
25
32
21
73
33
76
97
25
93
97
24
51
28
25
46
79
19
77
53
41
73
44
72
33
66
17
79
75
62
56
22
95
76
62
43
55
54
34
69
72
77
88
27
69
24
99
46
73
22
26
13
68
77
31
77
22
44
99
28
44
88
46
22
33
48
38
38
77
59
64
69
52
99
23
99
22
94
33
77
96
93
69
69
55
55
52
72
66
74
92
77
66
53
73
91
36
33
64
45
24
88
43
75
15
76
67
19
55
19
88
63
36
52
95
54
43
68
11
22
58
88
44
88
23
35
64
16
99
23
28
87
54
33
93
59
23
22
72
53
26
56
38
76
88
35
24
99
22
22
55
29
53
98
14
33
66
33
35
13
85
85
49
77
27
27
39
66
33
66
47
17
46
55
32
18
94
61
14
21
91
85
66
86
32
81
66
31
34
14
99
72
83
55
85
56
22
52
91
66
21
51
65
35
97
52
36
83
11
18
55
22
33
38
88
92
24
66
55
55
52
73
94
74
84
39
66
89
89
84
65
55
99
62
55
44
96
11
59
64
34
66
46
46
61
18
82
22
77
78
38
19
77
66
22
98
22
99
99
76
44
45
77
97
17
94
94
27
74
33
92
28
99
78
22
66
66
82
43
99
14
26
96
88
27
78
55
52
93
99
11
42
37
44
37
66
16
32
49
11
55
29
99
14
33
88
75
27
77
97
99
99
23
18
22
84
37
99
81
22
87
11
56
77
88
24
53
99
73
53
41
99
49
38
65
77
36
55
19
77
99
99
44
43
73
55
89
69
11
66
15
46
11
34
48
76
16
33
66
15
85
81
99
22
22
67
76
16
74
88
68
32
35
33
11
54
11
99
23
88
93
55
12
64
99
99
88
46
59
31
68
34
22
83
35
58
88
33
82
85
72
99
71
52
38
66
28
55
51
38
93
31
77
45
69
46
83
22
77
44
99
46
79
33
43
29
98
77
99
52
27
64
77
19
81
33
88
91
99
14
22
66
35
98
33
11
56
99
24
44
83
11
11
94
99
33
16
38
89
93
99
62
66
29
77
14
66
25
19
44
77
16
62
83
24
29
66
33
66
99
25
99
51
84
12
11
91
22
44
86
48
11
24
74
99
18
73
71
59
96
99
26
16
55
15
55
43
86
88
32
99
99
39
44
84
44
14
22
57
99
92
36
88
38
43
71
64
11
99
36
66
13
47
48
55
79
46
77
59
33
97
55
53
36
99
83
33
97
69
33
44
95
17
17
94
86
77
27
88
54
88
79
19
33
98
23
91
66
48
71
23
27
22
22
61
61
88
81
91
55
18
88
94
69
73
79
39
86
57
74
55
76
77
58
12
12
82
51
86
74
47
94
66
18
36
53
61
51
94
33
35
11
14
58
82
23
88
64
55
14
64
61
22
68
99
26
28
51
75
74
99
56
72
46
74
33
88
35
22
85
33
22
22
95
97
34
17
82
11
88
39
61
24
77
99
99
59
76
71
66
77
93
71
77
19
28
73
13
17
49
81
91
22
43
98
27
92
62
22
55
11
88
22
54
99
88
34
66
11
73
18
61
86
55
59
96
73
98
34
55
65
15
64
11
33
46
12
62
44
55
55
16
44
49
19
55108
